16,1
15,5
15,4
15,3
15,1
15,0
14,7
14,6
14,5
14,1
14,0
13,3
13,0
12,4
12,3
12,0
11,4
10,4
10,3
10,2
10,1
9,6
9,5
9,4
9,3
9,1
9,0
8,24
8,23
8,20
8,18
8,15
8,12
8,10
8,7
8,6
8,4
8,2
8,1
7,31
7,30
7,29
7,25
7,24
7,23
7,22
7,21
7,18
7,16
7,15
7,12
7,10
7,7
7,5
7,4
7,3
7,1
7,0
6,32
6,31
6,30
6,28
6,27
6,26
6,25
6,24
6,23
6,22
6,21
6,20
6,19
6,18
6,16
6,15
6,14
6,13
6,12
6,11
6,10
6,8
6,7
6,6
6,5
6,4
6,3
6,2
6,1
6,0
5,10
5,9
5,8
5,7
5,6
5,4
5,3
5,1
5,0
4,3
2,128
2,124
2,123
2,122
2,120
2,118
2,117
2,115
2,114
2,112
2,111
2,109
2,107
2,106
2,104
2,103
2,101
2,99
2,98
2,97
2,96
2,95
2,93
2,92
2,90
2,88
2,87
2,85
2,84
2,82
2,81
2,80
2,79
2,77
2,76
2,74
2,73
2,72
2,71
2,70
2,69
2,68
2,67
2,66
2,65
2,64
2,35
2,34
2,33
2,32
2,31
2,30
2,29
2,28
2,27
2,26
2,25
2,24
2,23
2,22
2,21
2,20
2,19
2,18
2,17
2,16
2,15
2,14
2,13
2,12
2,11
2,10
2,9
2,8
2,7
2,6
2,5
2,4
2,3
2,2
2,0
1,10
1,9
1,8
1,7
1,6
1,5
1,4
1,3
1,2
1,0
0,454
0,453
0,452
0,451
0,448
0,447
0,446
0,445
0,440
0,426
0,403
0,402
0,397
0,395
0,393
0,392
0,391
0,389
0,388
0,386
0,385
0,366
0,355
0,350
0,349
0,345
0,343
0,243
0,9
0,0
0,1
16,2
16,3
16,6
17,0
17,3
17,4
18,1
19,4
21,0
21,4
21,5
22,1
22,3
22,4
23,0
23,1
23,5
24,6
25,4
28,1
29,2
31,0
31,3
32,1
32,3
33,0
33,5
34,5
35,3
35,4
36,0
36,3
36,5
37,3
37,4
37,6
38,3
38,5
39,1
39,3
39,5
40,0
40,3
41,1
42,0
42,2
42,3
42,5
42,7
42,8
43,1
43,2
43,4
43,6
43,7
43,9
43,10
43,12
43,13
43,15
43,17
43,18
44,3
44,4
45,0
45,2
45,4
46,0
48,0
50,0
51,1
52,4
54,1
55,1
56,1
56,3
57,0
57,3
57,4
57,6
59,0
59,4
59,5
59,7
59,10
59,11
62,1
62,4
64,1
64,5
64,6
64,8
64,9
65,1
65,5
65,6
65,9
65,12
65,21
65,22
65,24
65,35
65,37
65,40
65,41
66,1
66,6
67,0
67,4
68,0
69,0
69,1
70,3
72,0
72,3
75,0
75,1
77,1
79,1
79,2
79,4
80,0
80,3
80,6
81,3
82,4
84,1
87,0
87,1
88,0
90,2
91,1
93,2
95,6
97,2
99,0
101,1
103,0
103,1
103,5
103,8
104,0
104,5
104,9
106,2
107,0
108,10
111,3
112,0
113,3
113,4
115,1
115,4
116,0
116,4
118,0
118,3
119,0
121,0
121,4
122,1
124,0
124,1
124,4
124,5
125,3
126,3
128,1
129,5
130,1
132,0
132,3
133,0
133,3
133,4
133,6
133,7
133,9
133,11
133,12
133,14
133,15
133,17
133,19
133,20
133,22
133,23
133,25
133,27
133,28
133,30
133,31
134,1
134,3
135,0
136,0
136,1
137,0
137,1
137,5
138,3
140,0
140,3
140,4
141,3
141,4
141,7
142,3
142,4
143,1
144,1
144,4
145,2
145,3
145,6
145,7
145,12
145,13
146,0
147,0
148,0
148,3
149,0
149,2
150,0
150,1
150,4
151,0
153,1
153,3
154,3
156,1
158,1
160,1
161,0
161,3
162,1
162,3
163,3
165,0
167,0
169,3
170,4
172,3
173,2
175,0
176,0
177,0
177,2
177,3
179,0
179,1
179,3
180,0
180,1
180,3
180,4
181,0
181,1
181,3
181,5
181,6
181,14
181,18
181,64
181,66
181,67
181,69
181,70
181,72
181,73
181,75
181,77
181,78
181,80
181,81
181,83
181,85
181,86
181,88
181,89
181,91
181,93
181,94
181,96
181,99
181,105
181,107
181,109
181,111
181,112
181,114
181,115
181,117
181,119
181,120
181,122
181,123
181,125
181,126
181,128
181,130
181,131
181,133
181,134
181,136
181,138
181,139
181,141
181,142
181,144
181,145
181,147
181,149
181,150
181,152
181,153
181,155
181,157
181,158
181,160
181,161
181,163
181,165
181,166
181,168
181,169
181,171
181,172
181,174
181,176
181,177
181,179
181,180
181,182
181,184
181,185
181,187
181,188
181,190
181,191
181,193
181,195
181,196
181,198
181,199
181,201
181,203
181,204
181,206
181,207
181,209
181,210
181,212
181,214
181,215
181,217
181,218
181,220
181,222
181,223
181,225
181,226
181,228
181,229
181,231
181,233
181,234
181,236
181,237
181,239
181,241
181,242
181,244
181,245
181,247
181,249
181,250
181,252
181,253
181,255
181,256
181,258
181,260
181,261
181,263
181,264
181,266
181,268
181,269
181,271
181,272
181,274
181,275
181,277
181,279
181,281
181,283
181,284
181,295
181,297
181,298
181,300
181,301
181,307
181,310
181,314
181,319
181,320
181,323
181,324
181,326
181,328
181,329
181,331
181,332
181,334
181,336
181,338
181,340
181,341
181,343
181,344
181,346
181,348
181,349
181,351
181,352
181,354
181,356
181,357
181,359
181,360
181,362
181,363
181,365
181,367
181,368
181,370
181,371
181,373
181,375
181,376
181,378
181,379
181,381
181,382
181,387
181,389
181,390
181,392
181,393
181,395
181,397
181,398
181,400
181,401
181,403
181,404
181,406
181,414
181,415
181,437
181,438
181,440
181,528
181,529
181,531
181,594
181,660
181,744
181,783
181,786
181,787
181,789
181,790
181,792
181,794
181,795
181,833
181,837
182,4
184,0
185,0
186,0
186,1
187,6
188,1
189,1
189,3
189,6
190,1
190,3
191,1
192,1
192,3
193,3
194,0
196,0
196,3
197,2
199,3
200,0
201,2
201,7
203,0
203,3
204,3
206,0
206,1
207,1
207,4
208,0
209,0
209,1
209,3
210,0
210,3
210,5
211,0
211,3
211,4
212,0
212,5
213,0
213,3
214,0
214,2
214,3
216,0
216,3
216,4
216,6
217,1
218,6
219,1
219,2
219,4
220,0
220,3
221,6
222,2
223,3
224,0
224,2
224,3
225,1
227,3
228,0
229,3
230,3
231,1
231,3
232,3
234,0
234,6
236,0
237,0
237,3
238,1
239,1
241,0
242,0
243,3
245,4
246,4
247,4
248,2
249,1
250,0
251,1
252,5
253,4
255,1
256,1
257,1
258,3
260,0
261,3
262,2
263,3
264,2
267,0
269,0
269,1
271,3
272,0
272,2
273,1
273,6
274,1
274,2
275,0
275,5
276,1
276,3
277,0
277,3
277,4
279,0
280,3
281,1
282,1
283,0
284,1
285,0
285,1
285,6
286,0
286,3
286,6
287,0
287,3
287,5
288,1
290,0
291,1
292,3
293,3
294,3
295,0
296,4
297,1
298,0
299,1
300,0
301,1
302,0
303,3
305,0
305,1
305,5
305,7
306,1
306,3
306,6
307,0
307,1
308,0
308,3
309,4
311,3
312,1
313,3
314,1
315,3
317,0
317,4
319,0
319,1
320,2
321,4
322,5
324,1
324,4
327,0
327,1
329,0
330,3
331,1
332,6
333,2
334,1
334,2
335,0
335,2
335,3
336,4
337,7
339,0
339,3
340,1
341,1
341,3
342,3
342,5
344,4
345,1
345,3
346,1
346,2
346,6
347,1
348,0
349,4
350,3
351,1
351,3
352,4
354,1
354,7
356,1
356,5
358,2
359,4
361,0
362,1
363,0
364,5
367,0
367,4
368,4
370,1
371,4
372,4
374,1
375,2
375,5
377,1
377,5
379,1
380,2
381,1
382,1
383,1
384,2
385,0
386,0
387,3
388,1
389,0
390,1
392,0
392,3
392,5
394,1
395,0
396,1
396,6
397,5
399,0
399,1
399,4
400,3
401,1
402,0
402,1
403,3
404,0
405,4
407,2
408,0
409,3
409,4
411,3
411,7
413,2
415,0
415,5
433,1
433,3
439,0
439,3
440,5
440,8
440,9
440,13
440,14
440,17
440,20
440,22
440,25
440,27
440,30
440,33
440,35
440,38
440,39
440,43
440,44
440,47
440,51
440,52
440,55
440,57
440,60
440,63
440,65
440,68
440,70
440,73
440,74
440,78
440,81
440,82
440,85
440,87
440,90
440,93
440,95
440,98
440,100
440,103
440,106
440,108
440,111
440,112
440,116
440,117
440,120
440,123
440,125
440,128
440,130
440,133
440,136
440,138
440,141
440,143
440,146
440,147
440,150
440,154
440,155
440,158
440,160
440,163
440,192
440,194
440,197
440,199
440,202
440,203
440,207
440,210
440,211
440,214
440,216
440,219
440,222
440,224
440,227
440,229
440,232
440,235
440,237
440,240
440,241
440,256
440,257
440,260
440,264
440,265
440,268
440,270
440,273
440,276
440,278
440,281
440,283
440,286
440,287
440,290
440,294
440,295
440,298
440,300
440,303
440,306
440,308
440,311
440,313
440,316
440,317
440,321
440,324
440,325
440,329
440,330
440,333
440,336
440,338
440,341
440,343
440,346
440,348
440,351
440,354
440,355
440,359
440,360
440,363
440,367
440,368
440,371
440,373
440,376
440,379
440,381
440,384
440,386
440,389
440,390
440,394
440,397
440,398
440,401
440,403
440,406
440,409
440,411
440,413
440,414
440,416
440,417
440,419
440,421
440,422
440,424
440,425
440,427
440,429
440,430
440,432
440,433
440,435
440,436
440,448
440,450
440,451
440,453
440,454
440,456
440,458
440,459
440,461
440,462
440,464
440,466
440,467
440,469
440,470
440,472
440,473
440,475
440,477
440,478
440,480
440,481
440,483
440,485
440,486
440,488
440,489
440,491
440,492
440,494
440,496
440,497
440,499
440,500
440,502
440,504
440,505
440,507
440,508
440,510
440,511
440,513
440,515
440,516
440,518
440,519
440,521
440,576
440,577
440,579
440,580
440,582
440,584
440,585
440,587
440,588
440,590
440,591
440,593
440,595
440,596
440,598
440,599
440,601
440,603
440,604
440,606
440,607
440,609
440,610
440,612
440,614
440,615
440,617
440,618
440,620
440,622
440,623
440,625
440,626
440,628
441,4
441,6
442,1
442,3
456,1
456,3
457,0
457,3
457,4
469,1
469,3
481,1
481,3
483,1
483,3
483,4
484,1
484,2
484,4
484,6
484,7
484,9
484,10
484,12
484,14
484,15
484,17
484,18
484,20
484,26
484,29
484,31
484,32
491,0
491,1
491,3
491,4
491,2
484,33
484,30
484,28
484,19
484,16
484,13
484,11
484,8
484,5
484,3
484,0
483,2
483,0
481,0
469,0
457,1
456,4
456,0
442,0
441,5
440,627
440,624
440,621
440,619
440,616
440,613
440,611
440,608
440,605
440,602
440,600
440,597
440,594
440,592
440,589
440,586
440,583
440,581
440,578
440,522
440,520
440,517
440,514
440,512
440,509
440,506
440,503
440,501
440,498
440,495
440,493
440,490
440,487
440,484
440,482
440,479
440,476
440,474
440,471
440,468
440,465
440,463
440,460
440,457
440,455
440,452
440,449
440,437
440,434
440,431
440,428
440,426
440,423
440,420
440,418
440,415
440,412
440,408
440,405
440,400
440,395
440,392
440,387
440,382
440,378
440,374
440,370
440,365
440,362
440,357
440,352
440,349
440,344
440,340
440,335
440,332
440,327
440,322
440,319
440,314
440,310
440,305
440,302
440,297
440,292
440,289
440,284
440,279
440,275
440,271
440,267
440,262
440,259
440,243
440,238
440,234
440,230
440,226
440,221
440,218
440,213
440,208
440,205
440,200
440,195
440,191
440,162
440,157
440,152
440,149
440,144
440,139
440,135
440,131
440,127
440,122
440,119
440,114
440,109
440,104
440,101
440,97
440,92
440,89
440,84
440,79
440,76
440,71
440,66
440,62
440,59
440,54
440,49
440,46
440,41
440,36
440,32
440,28
440,24
440,19
440,16
440,11
440,6
439,1
433,6
433,0
414,1
412,3
410,3
408,1
406,1
405,0
402,3
401,3
401,0
399,3
398,3
397,3
395,3
393,1
392,1
391,3
388,4
386,4
385,3
383,5
381,3
380,0
378,0
376,6
374,3
374,0
371,3
368,3
365,3
364,1
361,2
358,5
357,0
355,1
353,3
352,1
351,0
349,0
346,7
346,3
346,0
345,0
343,3
341,4
341,0
339,1
338,0
335,5
335,1
334,3
334,0
331,5
329,5
328,1
325,1
323,3
322,0
319,3
318,1
316,4
315,1
312,7
310,3
309,1
307,3
306,9
306,4
306,0
305,3
304,3
302,2
300,5
299,0
297,5
296,0
293,5
291,3
290,1
287,7
287,1
286,7
286,1
285,3
284,3
284,0
281,3
280,0
277,5
277,1
276,2
276,0
274,3
274,0
272,3
272,1
270,1
267,3
266,0
262,4
260,4
258,2
256,4
254,4
252,0
250,4
248,3
247,0
245,0
242,3
240,4
238,0
237,1
235,3
233,2
232,0
231,0
228,3
227,0
224,4
224,1
223,1
221,8
220,1
219,3
219,0
218,0
216,5
216,1
215,3
214,1
213,1
212,1
211,5
211,1
210,4
210,1
209,2
208,1
207,3
207,0
205,0
203,1
202,3
201,0
198,3
197,0
195,1
192,6
192,0
191,0
190,0
189,2
189,0
187,0
185,1
183,4
181,888
181,796
181,793
181,791
181,788
181,785
181,699
181,632
181,530
181,461
181,439
181,416
181,413
181,405
181,402
181,399
181,396
181,394
181,391
181,388
181,383
181,380
181,377
181,374
181,372
181,369
181,366
181,364
181,361
181,358
181,355
181,353
181,350
181,347
181,345
181,342
181,339
181,335
181,333
181,330
181,327
181,325
181,322
181,315
181,311
181,305
181,299
181,296
181,287
181,282
181,278
181,276
181,273
181,270
181,267
181,265
181,262
181,259
181,257
181,254
181,251
181,248
181,246
181,243
181,240
181,238
181,235
181,232
181,230
181,227
181,224
181,221
181,219
181,216
181,213
181,211
181,208
181,205
181,202
181,200
181,197
181,194
181,192
181,189
181,186
181,183
181,181
181,178
181,175
181,173
181,170
181,167
181,164
181,162
181,159
181,156
181,154
181,151
181,148
181,146
181,143
181,140
181,137
181,135
181,132
181,129
181,127
181,124
181,121
181,118
181,116
181,113
181,110
181,108
181,101
181,95
181,92
181,90
181,87
181,84
181,82
181,79
181,76
181,74
181,71
181,68
181,65
181,50
181,9
181,4
181,2
180,5
180,2
179,4
179,2
178,1
177,1
176,3
173,4
170,6
168,3
166,2
162,7
161,4
161,1
159,0
154,5
154,0
153,0
150,3
149,3
149,1
148,2
146,5
145,14
145,10
145,4
145,0
144,3
142,6
142,0
141,5
141,1
140,1
138,1
137,3
136,3
135,3
134,4
134,0
133,29
133,26
133,24
133,21
133,18
133,16
133,13
133,10
133,8
133,5
133,1
132,1
131,2
128,2
126,1
125,0
124,3
123,0
121,3
120,0
118,1
116,3
115,5
115,0
113,0
109,3
108,0
105,3
104,3
103,11
103,4
102,1
100,1
96,4
93,1
89,0
87,3
84,4
82,3
81,0
80,1
79,3
78,3
76,3
73,1
70,4
70,0
68,3
67,1
66,4
66,0
65,39
65,29
65,23
65,15
65,8
65,3
64,10
64,7
64,3
64,0
60,3
59,9
59,6
59,3
57,5
57,2
56,5
55,5
54,0
51,5
49,0
45,5
45,1
44,5
44,0
43,16
43,14
43,11
43,8
43,5
43,3
43,0
42,6
42,4
42,1
40,4
40,1
39,4
38,6
38,0
37,5
37,0
36,1
35,5
35,0
33,1
32,2
31,5
29,6
26,7
24,11
23,4
22,5
22,2
22,0
21,3
19,0
18,0
17,2
16,4
0,421
0,346
0,396
0,390
0,511
0,510
0,509
0,444
0,400
0,450
0,347
0,348
0,354
0,401
0,404
0,300
0,299
0,298
0,297
0,296
0,295
0,294
0,293
0,292
0,291
0,290
0,289
0,288
0,287
0,286
0,285
0,284
0,283
0,282
0,281
0,280
0,279
0,278
0,277
0,276
0,275
0,274
0,273
0,272
0,271
0,270
0,269
0,268
0,267
0,266
0,265
0,264
0,263
0,262
0,261
0,260
0,259
0,258
0,257
0,256
0,255
0,254
0,253
0,252
0,251
0,250
0,249
0,248
0,247
0,246
0,245
0,244
0,242
0,241
0,240
0,239
0,238
0,237
0,236
0,235
0,234
0,233
0,232
0,231
0,230
0,229
0,228
0,227
0,226
0,225
0,224
0,223
0,222
0,221
0,220
0,219
0,218
0,217
0,216
0,215
0,214
0,213
0,212
0,211
0,210
0,209
0,208
0,207
0,206
0,205
0,204
0,203
0,202
0,201
0,200
0,199
0,198
0,197
0,196
0,195
0,194
0,193
0,192
0,63
0,62
0,61
0,60
0,59
0,58
0,57
0,56
0,55
0,54
0,53
0,52
0,51
0,50
0,49
0,48
0,47
0,46
0,45
0,6
0,5
0,304
0,303
0,306
0,305
0,302
0,439
0,12
0,342
0,10
0,387
0,8
0,399
0,11
0,4
0,2
0,3
0,7
